100
3 2
2 2 1000
2 2 1000
2 2 1000
2 1
1 1 788
1 1 79
8 7
4 4 650
6 4 979
4 6 397
4 4 453
6 6 134
5 5 348
6 4 19
4 6 559
8 4
2 4 260
3 3 822
4 2 60
1 3 962
2 2 726
3 2 672
2 2 540
3 1 22
2 6
6 6 1000
6 6 1000
8 8
8 1 1000
8 1 1000
8 1 1000
8 1 1000
8 1 1000
8 1 1000
8 1 1000
8 1 1000
1 7
4 3 456
5 2
1 1 526
2 1 882
2 2 336
1 2 855
1 2 900
8 5
5 5 1000
5 5 1000
5 5 1000
5 5 1000
5 5 1000
5 5 1000
5 5 1000
5 5 1000
5 5
3 3 638
3 4 569
3 3 702
3 4 47
3 3 158
6 5
3 1 100
3 1 306
4 1 699
5 1 889
3 1 567
5 1 936
2 7
2 7 121
7 1 257
3 6
5 4 754
2 6 177
4 2 635
8 4
4 2 340
1 4 795
2 2 326
1 1 369
1 3 188
1 3 736
2 4 255
2 3 45
8 6
6 4 398
4 4 948
4 4 198
5 5 152
6 6 149
5 6 878
5 6 323
5 5 671
7 1
1 1 152
1 1 630
1 1 718
1 1 387
1 1 418
1 1 987
1 1 830
1 2
2 2 495
5 7
5 4 281
4 6 353
4 5 947
5 5 716
5 5 651
8 5
4 3 151
4 2 806
4 1 933
1 1 293
1 2 356
4 3 270
3 2 311
5 3 978
4 7
3 7 714
5 2 341
3 5 997
2 4 934
5 6
5 3 42
6 3 391
1 1 869
4 5 149
2 6 821
6 4
1 2 914
2 1 138
3 3 74
2 3 967
2 2 472
1 2 646
4 4
3 2 653
1 2 746
1 3 26
2 4 11
4 2
2 2 8
1 2 707
2 2 546
1 2 769
3 4
4 3 988
4 1 317
1 3 20
3 2
2 2 14
1 2 872
1 1 52
2 6
3 2 504
1 1 989
4 3
2 2 628
2 2 635
2 3 789
1 2 629
5 8
8 8 935
5 4 705
2 3 44
2 1 655
2 7 681
1 7
1 5 779
5 3
1 1 613
2 2 90
3 3 924
3 3 924
2 2 706
2 1
1 1 1000
1 1 1000
6 2
2 1 172
2 2 328
2 1 130
1 2 511
1 2 782
2 2 696
7 3
1 2 991
3 3 538
2 3 190
3 3 845
3 1 662
3 2 361
3 2 412
8 4
4 4 845
4 4 758
4 4 421
4 4 259
4 4 512
4 4 405
4 4 784
4 4 304
2 6
5 5 354
4 4 901
5 6
6 6 1000
6 6 1000
6 6 1000
6 6 1000
6 6 1000
7 6
5 4 49
4 5 71
5 4 415
4 6 475
6 6 344
5 6 427
4 6 895
8 8
1 2 2
1 7 7
1 1 1
1 3 3
1 8 8
1 6 6
1 5 5
1 4 4
1 7
7 7 1000
8 8
8 5 750
7 7 713
8 7 373
7 5 588
5 5 334
8 7 339
7 5 164
8 6 395
3 5
2 4 913
5 4 306
5 5 347
5 7
4 5 963
6 6 36
4 4 785
6 5 719
6 4 85
6 3
3 2 988
1 1 44
1 3 949
2 3 819
3 3 188
2 2 950
1 1
1 1 1
2 2
2 1 111
2 2 606
5 5
2 1 253
2 4 909
3 1 793
2 2 531
2 5 164
8 5
3 5 786
4 4 917
1 4 912
4 4 623
4 5 811
4 1 456
2 4 125
4 1 445
3 1
1 1 208
1 1 939
1 1 820
8 5
5 5 813
4 1 5
3 4 936
3 4 648
2 4 982
1 4 615
2 4 11
5 5 481
1 8
1 6 71
7 5
2 4 456
4 3 497
1 4 35
4 3 776
2 4 208
3 2 979
5 2 567
3 8
8 7 903
3 6 899
6 4 101
5 5
2 2 981
1 1 962
1 1 211
5 5 23
3 1 260
2 3
3 3 919
1 3 967
6 1
1 1 654
1 1 973
1 1 217
1 1 177
1 1 748
1 1 264
4 3
1 2 898
2 2 709
2 1 911
2 3 389
8 7
5 6 639
4 4 750
4 4 394
5 5 489
5 6 424
5 6 261
6 5 359
4 6 703
4 5
2 3 202
2 3 605
3 2 232
1 4 99
8 8
1 8 1000
1 8 1000
1 8 1000
1 8 1000
1 8 1000
1 8 1000
1 8 1000
1 8 1000
7 2
2 1 968
2 1 81
1 2 933
1 2 707
2 2 541
2 2 588
1 2 385
2 6
3 4 140
5 3 473
8 5
5 3 888
4 1 241
2 1 239
2 5 463
5 1 565
1 5 6
2 5 1000
1 5 511
3 7
6 7 590
7 5 451
5 7 917
8 8
1 1 1000
1 5 996
1 7 994
1 6 995
1 3 998
1 4 997
1 2 999
1 8 993
6 1
1 1 72
1 1 239
1 1 334
1 1 556
1 1 344
1 1 428
3 4
3 2 728
2 1 614
1 2 399
3 1
1 1 474
1 1 131
1 1 113
4 5
5 5 886
2 1 612
3 2 41
2 4 965
8 1
1 1 48
1 1 461
1 1 99
1 1 920
1 1 427
1 1 40
1 1 129
1 1 320
1 6
5 5 545
8 2
1 1 312
1 1 768
2 1 836
1 1 355
2 2 673
2 2 413
1 2 191
1 1 124
7 7
7 7 1000
7 7 1000
7 7 1000
7 7 1000
7 7 1000
7 7 1000
7 7 1000
8 8
1 7 7
1 3 3
1 6 6
1 4 4
8 8 1000
1 1 1
1 2 2
1 5 5
7 1
1 1 1000
1 1 1000
1 1 1000
1 1 1000
1 1 1000
1 1 1000
1 1 1000
8 6
1 6 898
2 6 243
1 5 78
1 5 421
6 6 805
1 6 581
1 5 133
2 5 420
4 5
5 5 478
5 2 806
3 1 720
2 5 669
7 5
1 1 11
2 4 387
4 4 390
5 1 466
5 1 711
2 1 474
3 1 566
1 7
4 7 364
3 8
4 4 729
3 4 204
3 4 471
3 8
8 5 721
6 3 917
8 3 748
8 5
5 5 1000
5 5 1000
5 5 1000
5 5 1000
5 5 1000
5 5 1000
5 5 1000
5 5 1000
7 1
1 1 631
1 1 732
1 1 795
1 1 101
1 1 46
1 1 535
1 1 635
8 8
8 8 1000
8 8 1000
8 8 1000
8 8 1000
8 8 1000
8 8 1000
8 8 1000
8 8 1000
8 6
6 6 1000
6 6 1000
6 6 1000
6 6 1000
6 6 1000
6 6 1000
6 6 1000
6 6 1000
6 2
1 2 660
2 2 860
1 2 119
2 1 675
2 2 222
2 1 519
7 6
5 6 884
5 4 467
6 6 813
4 6 634
4 6 987
5 6 317
4 6 3
5 1
1 1 742
1 1 42
1 1 874
1 1 227
1 1 106
3 5
3 4 399
5 3 143
3 4 248
3 1
1 1 541
1 1 846
1 1 906
1 4
3 2 487
5 7
2 1 530
7 5 631
5 4 731
2 7 275
7 7 78
5 7
6 5 251
5 5 175
5 5 570
5 4 358
6 4 561
7 7
7 2 648
1 6 334
7 4 34
7 5 288
1 3 157
4 2 175
7 5 243
3 6
2 2 936
6 1 901
4 1 586
1 4
4 1 326
8 7
2 5 596
3 3 60
1 1 481
5 6 47
6 1 555
6 5 950
3 5 83
4 6 202
7 4
1 1 941
3 1 389
1 1 187
1 3 174
3 3 705
3 2 878
2 2 632
1 8
1 6 27
4 6
3 4 807
5 6 165
6 6 635
6 2 882
